crazyflies:
- channel: 80
  id: 9
  initialPosition: [0.15, 0.00445356, 0.0338828]
  type: default
